4 472
5 221
5 463
5 478
5 665
5 705
8 113
8 133
8 177
8 189
8 639
8 658
10 356
10 527
11 26
11 639
13 213
13 428
14 96
14 469
17 277
17 348
17 414
17 429
17 710
18 328
18 581
19 424
20 273
20 297
20 301
20 426
20 483
20 549
22 123
22 187
22 190
22 485
22 599
22 677
24 572
26 11
26 113
26 637
26 639
26 658
26 697
28 390
29 185
40 144
40 501
40 631
40 655
41 231
41 543
42 166
42 571
45 371
45 609
47 102
47 143
52 308
52 329
52 430
52 612
52 662
56 88
56 115
56 266
56 435
56 608
58 178
58 286
58 320
58 450
63 389
65 402
66 454
70 465
70 603
71 76
75 118
75 587
75 671
76 71
78 151
78 175
78 448
78 521
78 533
78 540
78 558
78 653
80 584
80 702
81 184
81 228
81 322
81 340
83 411
83 473
83 635
85 505
86 255
86 289
86 503
87 99
87 133
87 189
87 315
87 516
87 529
87 562
87 683
87 686
87 698
88 56
88 115
88 180
88 266
88 341
88 427
88 435
88 487
88 514
88 608
91 595
91 615
91 681
93 652
96 14
96 469
97 357
97 404
98 146
98 351
98 491
99 87
99 133
99 177
99 189
99 253
99 315
99 516
99 562
99 563
99 658
99 683
99 684
99 686
99 698
99 701
99 708
99 726
100 127
102 47
102 143
107 252
111 345
113 8
113 26
113 133
113 177
113 189
113 637
113 639
113 658
113 697
115 56
115 88
115 180
115 266
115 341
115 427
115 435
115 514
115 608
117 380
118 75
118 587
118 671
119 633
120 159
120 198
120 241
123 22
123 187
123 190
123 485
123 599
123 677
124 153
124 616
124 642
126 546
127 100
128 332
133 8
133 87
133 99
133 113
133 177
133 189
133 253
133 315
133 516
133 562
133 563
133 639
133 658
133 683
133 684
133 686
133 698
133 701
133 708
133 726
134 433
137 230
137 413
137 507
138 548
140 358
140 713
143 47
143 102
144 40
144 201
144 415
144 501
144 631
144 654
144 655
146 98
146 351
146 491
148 240
149 209
151 78
151 175
151 448
151 521
151 533
151 540
151 558
151 653
153 124
153 642
157 158
158 157
159 120
159 198
159 241
163 467
163 610
166 42
166 571
173 232
175 78
175 151
175 193
175 307
175 448
175 521
175 533
175 540
175 558
175 653
177 8
177 99
177 113
177 133
177 189
177 315
177 516
177 562
177 563
177 639
177 658
177 686
177 698
178 58
178 286
178 320
178 450
179 197
179 206
179 309
179 351
179 440
179 491
179 717
180 88
180 115
180 266
180 435
180 608
181 551
183 532
184 81
184 319
184 322
184 340
184 341
185 29
186 197
186 293
186 306
186 309
186 351
186 509
186 623
186 643
186 717
187 22
187 123
187 190
187 677
189 8
189 87
189 99
189 113
189 133
189 177
189 253
189 315
189 516
189 562
189 563
189 639
189 658
189 683
189 684
189 686
189 698
189 701
189 708
189 726
190 22
190 123
190 187
190 485
190 599
190 677
193 175
193 307
193 521
193 533
193 540
197 179
197 186
197 293
197 306
197 309
197 351
197 491
197 509
197 623
197 630
197 643
197 717
198 120
198 159
198 241
199 282
199 547
201 144
201 297
201 415
201 426
201 483
201 501
201 654
201 655
202 370
206 179
206 351
206 440
209 149
213 13
213 428
216 226
217 359
221 5
221 463
221 478
221 665
221 705
224 256
224 695
226 216
228 81
228 319
228 322
228 340
228 341
230 137
230 413
230 507
231 41
231 543
232 173
239 334
239 706
240 148
241 120
241 159
241 198
243 510
243 646
247 313
249 346
251 273
251 297
251 301
251 323
251 549
252 107
253 99
253 133
253 189
253 283
253 315
253 331
253 516
253 562
253 619
253 684
253 686
253 698
253 726
255 86
255 289
255 503
256 224
256 695
258 524
266 56
266 88
266 115
266 180
266 341
266 427
266 435
266 514
266 608
269 550
269 557
273 20
273 251
273 297
273 301
273 426
273 483
273 525
273 539
273 549
277 17
277 348
277 414
277 429
277 710
278 281
278 319
278 322
278 341
279 382
280 334
280 706
281 278
281 319
281 322
281 341
282 199
282 547
283 253
283 573
283 619
283 622
283 684
283 686
283 726
285 353
285 397
285 632
286 58
286 178
286 320
289 86
289 255
289 503
293 186
293 197
293 306
293 509
293 623
293 643
297 20
297 201
297 251
297 273
297 301
297 426
297 483
297 525
297 539
297 549
301 20
301 251
301 273
301 297
301 426
301 483
301 525
301 539
301 549
304 687
306 186
306 197
306 293
306 509
306 623
306 643
307 175
307 193
307 521
307 533
307 540
308 52
308 329
308 430
308 445
308 612
309 179
309 186
309 197
309 351
309 491
309 509
309 630
309 643
309 717
313 247
315 87
315 99
315 133
315 177
315 189
315 253
315 516
315 562
315 563
315 658
315 683
315 684
315 686
315 698
315 701
315 726
319 184
319 228
319 278
319 281
319 322
319 340
319 341
319 435
319 464
319 466
319 560
319 570
320 58
320 178
320 286
320 450
322 81
322 184
322 228
322 278
322 281
322 319
322 340
322 341
322 435
322 464
322 466
322 560
322 570
323 251
323 549
324 541
324 611
324 650
328 18
328 581
329 52
329 308
329 430
329 445
329 612
329 662
331 253
331 684
331 686
331 726
332 128
334 239
334 280
334 706
340 81
340 184
340 228
340 319
340 322
340 341
341 88
341 115
341 184
341 228
341 266
341 278
341 281
341 319
341 322
341 340
341 435
341 464
341 466
341 560
341 570
341 608
344 500
345 111
345 444
345 575
346 249
348 17
348 277
348 414
348 429
348 710
351 98
351 146
351 179
351 186
351 197
351 206
351 309
351 440
351 491
351 509
351 630
351 643
351 717
353 285
353 397
353 632
356 10
356 527
357 97
357 404
358 140
358 713
359 217
370 202
371 45
371 609
372 629
373 656
380 117
382 279
385 586
385 634
387 600
389 63
390 28
391 566
397 285
397 353
397 632
399 613
402 65
404 97
404 357
410 628
410 674
411 83
411 473
411 635
413 137
413 230
413 507
414 17
414 277
414 348
414 429
414 710
415 144
415 201
415 483
415 501
415 654
415 655
417 628
417 674
418 477
422 493
422 725
424 19
426 20
426 201
426 273
426 297
426 301
426 483
426 549
427 88
427 115
427 266
427 435
427 487
427 514
427 608
428 13
428 213
429 17
429 277
429 348
429 414
429 710
430 52
430 308
430 329
430 445
430 612
430 662
433 134
435 56
435 88
435 115
435 180
435 266
435 319
435 322
435 341
435 427
435 464
435 466
435 514
435 560
435 570
435 608
439 475
440 179
440 206
440 351
444 345
445 308
445 329
445 430
445 612
445 662
448 78
448 151
448 175
448 521
448 533
448 540
448 558
448 653
450 58
450 178
450 320
454 66
460 504
463 5
463 221
463 478
463 665
463 705
464 319
464 322
464 341
464 435
464 466
464 560
465 70
465 603
466 319
466 322
466 341
466 435
466 464
466 560
466 570
467 163
467 610
469 14
469 96
470 604
472 4
473 83
473 411
473 635
475 439
477 418
477 515
478 5
478 221
478 463
478 665
480 591
482 534
483 20
483 201
483 273
483 297
483 301
483 415
483 426
483 501
483 549
483 654
485 22
485 123
485 190
485 599
485 677
487 88
487 427
487 514
491 98
491 146
491 179
491 197
491 309
491 351
491 717
493 422
493 725
500 344
501 40
501 144
501 201
501 415
501 483
501 631
501 654
501 655
503 86
503 255
503 289
504 460
505 85
507 137
507 230
507 413
509 186
509 197
509 293
509 306
509 309
509 351
509 623
509 643
509 717
510 243
510 646
514 88
514 115
514 266
514 427
514 435
514 487
514 608
515 477
516 87
516 99
516 133
516 177
516 189
516 253
516 315
516 562
516 563
516 658
516 683
516 684
516 686
516 698
516 701
516 726
521 78
521 151
521 175
521 193
521 307
521 448
521 533
521 540
521 558
521 653
524 258
525 273
525 297
525 301
525 539
525 549
527 10
527 356
529 87
529 562
529 683
532 183
533 78
533 151
533 175
533 193
533 307
533 448
533 521
533 540
533 558
533 653
534 482
538 590
538 597
539 273
539 297
539 301
539 525
539 549
540 78
540 151
540 175
540 193
540 307
540 448
540 521
540 533
540 558
540 653
541 324
541 611
541 650
543 41
543 231
546 126
547 199
547 282
548 138
549 20
549 251
549 273
549 297
549 301
549 323
549 426
549 483
549 525
549 539
550 269
550 557
551 181
557 269
557 550
558 78
558 151
558 175
558 448
558 521
558 533
558 540
558 653
559 568
560 319
560 322
560 341
560 435
560 464
560 466
560 570
562 87
562 99
562 133
562 177
562 189
562 253
562 315
562 516
562 529
562 563
562 658
562 683
562 684
562 686
562 698
562 701
562 726
563 99
563 133
563 177
563 189
563 315
563 516
563 562
563 658
563 686
563 698
563 708
566 391
568 559
570 319
570 322
570 341
570 435
570 466
570 560
571 42
571 166
572 24
573 283
573 619
573 684
575 345
578 626
581 18
581 328
584 80
584 702
586 385
586 634
587 75
587 118
587 671
590 538
590 597
591 480
595 91
595 615
595 681
597 538
597 590
599 22
599 123
599 190
599 485
599 677
600 387
602 638
602 644
603 70
603 465
604 470
608 56
608 88
608 115
608 180
608 266
608 341
608 427
608 435
608 514
609 45
609 371
610 163
610 467
611 324
611 541
611 650
612 52
612 308
612 329
612 430
612 445
612 662
613 399
615 91
615 595
615 681
616 124
616 642
617 709
619 253
619 283
619 573
619 622
619 684
619 686
619 726
621 699
622 283
622 619
622 684
623 186
623 197
623 293
623 306
623 509
623 643
626 578
628 410
628 417
628 674
629 372
630 197
630 309
630 351
630 717
631 40
631 144
631 501
631 655
632 285
632 353
632 397
633 119
634 385
634 586
635 83
635 411
635 473
637 26
637 113
637 639
637 658
637 697
638 602
638 644
639 8
639 11
639 26
639 113
639 133
639 177
639 189
639 637
639 658
639 697
642 124
642 153
642 616
643 186
643 197
643 293
643 306
643 309
643 351
643 509
643 623
643 717
644 602
644 638
646 243
646 510
650 324
650 541
650 611
652 93
653 78
653 151
653 175
653 448
653 521
653 533
653 540
653 558
654 144
654 201
654 415
654 483
654 501
654 655
655 40
655 144
655 201
655 415
655 501
655 631
655 654
656 373
658 8
658 26
658 99
658 113
658 133
658 177
658 189
658 315
658 516
658 562
658 563
658 637
658 639
658 686
658 697
658 698
662 52
662 329
662 430
662 445
662 612
665 5
665 221
665 463
665 478
665 705
669 694
671 75
671 118
671 587
674 410
674 417
674 628
677 22
677 123
677 187
677 190
677 485
677 599
681 91
681 595
681 615
683 87
683 99
683 133
683 189
683 315
683 516
683 529
683 562
683 686
683 698
684 99
684 133
684 189
684 253
684 283
684 315
684 331
684 516
684 562
684 573
684 619
684 622
684 686
684 698
684 726
686 87
686 99
686 133
686 177
686 189
686 253
686 283
686 315
686 331
686 516
686 562
686 563
686 619
686 658
686 683
686 684
686 698
686 701
686 726
687 304
694 669
695 224
695 256
697 26
697 113
697 637
697 639
697 658
698 87
698 99
698 133
698 177
698 189
698 253
698 315
698 516
698 562
698 563
698 658
698 683
698 684
698 686
698 701
698 708
698 726
699 621
701 99
701 133
701 189
701 315
701 516
701 562
701 686
701 698
702 80
702 584
705 5
705 221
705 463
705 665
706 239
706 280
706 334
708 99
708 133
708 189
708 563
708 698
709 617
710 17
710 277
710 348
710 414
710 429
713 140
713 358
717 179
717 186
717 197
717 309
717 351
717 491
717 509
717 630
717 643
725 422
725 493
726 99
726 133
726 189
726 253
726 283
726 315
726 331
726 516
726 562
726 619
726 684
726 686
726 698
